255 255 255 255 255 255 255 255 255 255 255 255 255 255 255 255
255 255 255 255 255 255 255 255 255 255 255 255 255 255 255 255
255 255   0   0   0   0   0   0   0   0   0   0   0   0 255 255
255 255   0   0   0   0   0   0   0   0   0   0   0   0 255 255
255 255   0   0   0   0   0   0   0   0   0   0   0   0 255 255
255 255   0   0   0 255 253 255 251 255 255   0   0   0 255 255
255 255   0   0   0 255 249 253 255 148 255   0   0   0 255 255
255 255   0   0   0 255 255 255 255 254 255   0   0   0 255 255
255 255   0   0   0 255 252 252 253 252 255   0   0   0 255 255
255 255   0   0   0 255 160 171 253   2 255   0   0   0 255 255
255 255   0   0   0 255 254 255 253 255 255   0   0   0 255 255
255 255   0   0   0   0   0   0   0   0   0   0   0   0 255 255
255 255   0   0   0   0   0   0   0   0   0   0   0   0 255 255
255 255   0   0   0   0   0   0   0   0   0   0   0   0 255 255
255 255 255 255 255 255 255 255 255 255 255 255 255 255 255 255
255 255 255 255 255 255 255 255 255 255 255 255 255 255 255 255
255 255 255 255 255 255 255 255 255 255 255 255 255 255 255 255
255 255 255 255 255 255 255 255 255 255 255 255 255 255 255 255
255 255   0   0   0   0   0   0   0   0   0   0   0   0 255 255
255 255   0   0   0   0   0   0   0   0   0   0   0   0 255 255
255 255   0   0   0   0   0   0   0   0   0   0   0   0 255 255
255 255   0   0   0 255 253 255 251 255 255   0   0   0 255 255
255 255   0   0   0 255 249 253 255 148 255   0   0   0 255 255
255 255   0   0   0 255 255 255 255 254 255   0   0   0 255 255
255 255   0   0   0 255 252 252 253 252 255   0   0   0 255 255
255 255   0   0   0 255 160 171 253   2 255   0   0   0 255 255
255 255   0   0   0 255 254 255 253 255 255   0   0   0 255 255
255 255   0   0   0   0   0   0   0   0   0   0   0   0 255 255
255 255   0   0   0   0   0   0   0   0   0   0   0   0 255 255
255 255   0   0   0   0   0   0   0   0   0   0   0   0 255 255
255 255 255 255 255 255 255 255 255 255 255 255 255 255 255 255
255 255 255 255 255 255 255 255 255 255 255 255 255 255 255 255
255 255 255 255 255 255 255 255 255 255 255 255 255 255 255 255
255 255 255 255 255 255 255 255 255 255 255 255 255 255 255 255
255 255   0   0   0   0   0   0   0   0   0   0   0   0 255 255
255 255   0   0   0   0   0   0   0   0   0   0   0   0 255 255
255 255   0   0   0   0   0   0   0   0   0   0   0   0 255 255
255 255   0   0   0 255 253 255 251 255 255   0   0   0 255 255
255 255   0   0   0 255 249 253 255 148 255   0   0   0 255 255
255 255   0   0   0 255 255 255 255 254 255   0   0   0 255 255
255 255   0   0   0 255 252 252 253 252 255   0   0   0 255 255
255 255   0   0   0 255 160 171 253   2 255   0   0   0 255 255
255 255   0   0   0 255 254 255 253 255 255   0   0   0 255 255
255 255   0   0   0   0   0   0   0   0   0   0   0   0 255 255
255 255   0   0   0   0   0   0   0   0   0   0   0   0 255 255
255 255   0   0   0   0   0   0   0   0   0   0   0   0 255 255
255 255 255 255 255 255 255 255 255 255 255 255 255 255 255 255
255 255 255 255 255 255 255 255 255 255 255 255 255 255 255 255

255 255 255 255 255 255 255 255 255 255 255 255 255 255 255 255
255 209 147 147 147 147 147 147 147 147 147 147 147 147 209 255
255 147   0   0   0   0   0   0   0   0   0   0   0   0 147 255
255 147   0   0   0   0   0   0   0   0   0   0   0   0 147 255
255 147   0   0  35  95  95  95  95  95  95  35   0   0 147 255
255 147   0   0  95 255 253 219 240 254 255  95   0   0 147 255
255 147   0   0  95 225 206 183 186 206 253  95   0   0 147 255
255 147   0   0  95 228 223 193 211 217 222  95   0   0 147 255
255 147   0   0  95 238 208 141 183 178 241  95   0   0 147 255
255 147   0   0  95 184 186 203 195 211 230  95   0   0 147 255
255 147   0   0  95 248 251 245 240 240 255  95   0   0 147 255
255 147   0   0  35  95  95  95  95  95  95  35   0   0 147 255
255 147   0   0   0   0   0   0   0   0   0   0   0   0 147 255
255 147   0   0   0   0   0   0   0   0   0   0   0   0 147 255
255 209 147 147 147 147 147 147 147 147 147 147 147 147 209 255
255 255 255 255 255 255 255 255 255 255 255 255 255 255 255 255
255 255 255 255 255 255 255 255 255 255 255 255 255 255 255 255
255 209 147 147 147 147 147 147 147 147 147 147 147 147 209 255
255 147   0   0   0   0   0   0   0   0   0   0   0   0 147 255
255 147   0   0   0   0   0   0   0   0   0   0   0   0 147 255
255 147   0   0  35  95  95  95  95  95  95  35   0   0 147 255
255 147   0   0  95 255 253 219 240 254 255  95   0   0 147 255
255 147   0   0  95 225 206 183 186 206 253  95   0   0 147 255
255 147   0   0  95 228 223 193 211 217 222  95   0   0 147 255
255 147   0   0  95 238 208 141 183 178 241  95   0   0 147 255
255 147   0   0  95 184 186 203 195 211 230  95   0   0 147 255
255 147   0   0  95 248 251 245 240 240 255  95   0   0 147 255
255 147   0   0  35  95  95  95  95  95  95  35   0   0 147 255
255 147   0   0   0   0   0   0   0   0   0   0   0   0 147 255
255 147   0   0   0   0   0   0   0   0   0   0   0   0 147 255
255 209 147 147 147 147 147 147 147 147 147 147 147 147 209 255
255 255 255 255 255 255 255 255 255 255 255 255 255 255 255 255
255 255 255 255 255 255 255 255 255 255 255 255 255 255 255 255
255 209 147 147 147 147 147 147 147 147 147 147 147 147 209 255
255 147   0   0   0   0   0   0   0   0   0   0   0   0 147 255
255 147   0   0   0   0   0   0   0   0   0   0   0   0 147 255
255 147   0   0  35  95  95  95  95  95  95  35   0   0 147 255
255 147   0   0  95 255 253 219 240 254 255  95   0   0 147 255
255 147   0   0  95 225 206 183 186 206 253  95   0   0 147 255
255 147   0   0  95 228 223 193 211 217 222  95   0   0 147 255
255 147   0   0  95 238 208 141 183 178 241  95   0   0 147 255
255 147   0   0  95 184 186 203 195 211 230  95   0   0 147 255
255 147   0   0  95 248 251 245 240 240 255  95   0   0 147 255
255 147   0   0  35  95  95  95  95  95  95  35   0   0 147 255
255 147   0   0   0   0   0   0   0   0   0   0   0   0 147 255
255 147   0   0   0   0   0   0   0   0   0   0   0   0 147 255
255 209 147 147 147 147 147 147 147 147 147 147 147 147 209 255
255 255 255 255 255 255 255 255 255 255 255 255 255 255 255 255

255 255 255 255 255 255 255 255 255 255 255 255 255 255 255 255
255 209 147 147 147 147 147 147 147 147 147 147 147 147 209 255
255 147   0   0   0   0   0   0   0   0   0   0   0   0 147 255
255 147   0   0   0   0   0   0   0   0   0   0   0   0 147 255
255 147   0   0  35  95  95  95  95  95  95  35   0   0 147 255
255 147   0   0  95 255 253 222 241 230 255  95   0   0 147 255
255 147   0   0  95 254 206 217 178 211 240  95   0   0 147 255
255 147   0   0  95 240 186 211 183 195 240  95   0   0 147 255
255 147   0   0  95 219 183 193 141 203 245  95   0   0 147 255
255 147   0   0  95 253 206 223 208 186 251  95   0   0 147 255
255 147   0   0  95 255 225 228 238 184 248  95   0   0 147 255
255 147   0   0  35  95  95  95  95  95  95  35   0   0 147 255
255 147   0   0   0   0   0   0   0   0   0   0   0   0 147 255
255 147   0   0   0   0   0   0   0   0   0   0   0   0 147 255
255 209 147 147 147 147 147 147 147 147 147 147 147 147 209 255
255 255 255 255 255 255 255 255 255 255 255 255 255 255 255 255
255 255 255 255 255 255 255 255 255 255 255 255 255 255 255 255
255 209 147 147 147 147 147 147 147 147 147 147 147 147 209 255
255 147   0   0   0   0   0   0   0   0   0   0   0   0 147 255
255 147   0   0   0   0   0   0   0   0   0   0   0   0 147 255
255 147   0   0  35  95  95  95  95  95  95  35   0   0 147 255
255 147   0   0  95 255 253 222 241 230 255  95   0   0 147 255
255 147   0   0  95 254 206 217 178 211 240  95   0   0 147 255
255 147   0   0  95 240 186 211 183 195 240  95   0   0 147 255
255 147   0   0  95 219 183 193 141 203 245  95   0   0 147 255
255 147   0   0  95 253 206 223 208 186 251  95   0   0 147 255
255 147   0   0  95 255 225 228 238 184 248  95   0   0 147 255
255 147   0   0  35  95  95  95  95  95  95  35   0   0 147 255
255 147   0   0   0   0   0   0   0   0   0   0   0   0 147 255
255 147   0   0   0   0   0   0   0   0   0   0   0   0 147 255
255 209 147 147 147 147 147 147 147 147 147 147 147 147 209 255
255 255 255 255 255 255 255 255 255 255 255 255 255 255 255 255
255 255 255 255 255 255 255 255 255 255 255 255 255 255 255 255
255 209 147 147 147 147 147 147 147 147 147 147 147 147 209 255
255 147   0   0   0   0   0   0   0   0   0   0   0   0 147 255
255 147   0   0   0   0   0   0   0   0   0   0   0   0 147 255
255 147   0   0  35  95  95  95  95  95  95  35   0   0 147 255
255 147   0   0  95 255 253 222 241 230 255  95   0   0 147 255
255 147   0   0  95 254 206 217 178 211 240  95   0   0 147 255
255 147   0   0  95 240 186 211 183 195 240  95   0   0 147 255
255 147   0   0  95 219 183 193 141 203 245  95   0   0 147 255
255 147   0   0  95 253 206 223 208 186 251  95   0   0 147 255
255 147   0   0  95 255 225 228 238 184 248  95   0   0 147 255
255 147   0   0  35  95  95  95  95  95  95  35   0   0 147 255
255 147   0   0   0   0   0   0   0   0   0   0   0   0 147 255
255 147   0   0   0   0   0   0   0   0   0   0   0   0 147 255
255 209 147 147 147 147 147 147 147 147 147 147 147 147 209 255
255 255 255 255 255 255 255 255 255 255 255 255 255 255 255 255

255 255 255 255 255 255 255 255 255 255 255 255 255 255 255 255
255 209 147 147 147 147 147 147 147 147 147 147 147 147 209 255
255 147   0   0   0   0   0   0   0   0   0   0   0   0 147 255
255 147   0   0   0   0   0   0   0   0   0   0   0   0 147 255
255 147   0   0  35  95  95  95  95  95  95  35   0   0 147 255
255 147   0   0  95 255 240 240 245 251 248  95   0   0 147 255
255 147   0   0  95 230 211 195 203 186 184  95   0   0 147 255
255 147   0   0  95 241 178 183 141 208 238  95   0   0 147 255
255 147   0   0  95 222 217 211 193 223 228  95   0   0 147 255
255 147   0   0  95 253 206 186 183 206 225  95   0   0 147 255
255 147   0   0  95 255 254 240 219 253 255  95   0   0 147 255
255 147   0   0  35  95  95  95  95  95  95  35   0   0 147 255
255 147   0   0   0   0   0   0   0   0   0   0   0   0 147 255
255 147   0   0   0   0   0   0   0   0   0   0   0   0 147 255
255 209 147 147 147 147 147 147 147 147 147 147 147 147 209 255
255 255 255 255 255 255 255 255 255 255 255 255 255 255 255 255
255 255 255 255 255 255 255 255 255 255 255 255 255 255 255 255
255 209 147 147 147 147 147 147 147 147 147 147 147 147 209 255
255 147   0   0   0   0   0   0   0   0   0   0   0   0 147 255
255 147   0   0   0   0   0   0   0   0   0   0   0   0 147 255
255 147   0   0  35  95  95  95  95  95  95  35   0   0 147 255
255 147   0   0  95 255 240 240 245 251 248  95   0   0 147 255
255 147   0   0  95 230 211 195 203 186 184  95   0   0 147 255
255 147   0   0  95 241 178 183 141 208 238  95   0   0 147 255
255 147   0   0  95 222 217 211 193 223 228  95   0   0 147 255
255 147   0   0  95 253 206 186 183 206 225  95   0   0 147 255
255 147   0   0  95 255 254 240 219 253 255  95   0   0 147 255
255 147   0   0  35  95  95  95  95  95  95  35   0   0 147 255
255 147   0   0   0   0   0   0   0   0   0   0   0   0 147 255
255 147   0   0   0   0   0   0   0   0   0   0   0   0 147 255
255 209 147 147 147 147 147 147 147 147 147 147 147 147 209 255
255 255 255 255 255 255 255 255 255 255 255 255 255 255 255 255
255 255 255 255 255 255 255 255 255 255 255 255 255 255 255 255
255 209 147 147 147 147 147 147 147 147 147 147 147 147 209 255
255 147   0   0   0   0   0   0   0   0   0   0   0   0 147 255
255 147   0   0   0   0   0   0   0   0   0   0   0   0 147 255
255 147   0   0  35  95  95  95  95  95  95  35   0   0 147 255
255 147   0   0  95 255 240 240 245 251 248  95   0   0 147 255
255 147   0   0  95 230 211 195 203 186 184  95   0   0 147 255
255 147   0   0  95 241 178 183 141 208 238  95   0   0 147 255
255 147   0   0  95 222 217 211 193 223 228  95   0   0 147 255
255 147   0   0  95 253 206 186 183 206 225  95   0   0 147 255
255 147   0   0  95 255 254 240 219 253 255  95   0   0 147 255
255 147   0   0  35  95  95  95  95  95  95  35   0   0 147 255
255 147   0   0   0   0   0   0   0   0   0   0   0   0 147 255
255 147   0   0   0   0   0   0   0   0   0   0   0   0 147 255
255 209 147 147 147 147 147 147 147 147 147 147 147 147 209 255
255 255 255 255 255 255 255 255 255 255 255 255 255 255 255 255
